function X2 = selectParam(x)
X2 = [x(1), x(2), x(3), 0.125, 0.04, -0.04, x(4), x(5), 0.00012, 4.8, 0.0002, 50, 0.03];