function X2 = selectParam(x)
X2 = [x(1), x(2), 0.1, 0.125, x(3), -0.04, x(4), 0.074, x(5), 4.8, 0.0002, 50, 0.03];
