function X2 = selectParam(x)
X2 = [9.81, 0.1, 0.1, x(1), x(2), -0.04, 0.06, 0.074, 0.00012, x(3), x(4), 50, 0.03];