gainmid =

    0.9537    0.9976


offsetmean =

    0.0336    0.0365