function [g, l1, l2, m1, m2, c1, c2, I1, I2,b1, b2, k_m, tau_e] = LoadTopEstParameters()
    % X = [ g, l1, l2, m1, m2, c1, c2, I1, I2,b1, b2, km, Te]
    g = 9.815;
    l1 = 0.0906;
    l2 = 0.1;
    m1 = 0.3758;
    m2 = 0.0459;
    c1 = 0.0126;
    c2 = 0.0660;
    I1 = 0.02;
    I2 = 2.8472e-05;
    b1 = 8.4405;
    b2 = 2.1048e-05;
    k_m = -59.9794;
    tau_e = 0.02;
    % X =[ 9.815, 0.0906, 0.1, 0.3758, 0.0459, 0.0126, 0.0660, 0.02, 2.8472e-05 , 8.4405, 2.1048e-05, -59.9794, 0.02];
end

